mag = 0.1

ans =

   -0.0456    0.0303


ans =

   -0.0519    0.0192


ans =

   -0.0374    0.0383



ans =

   -0.0441    0.0399


ans =

   -0.0510    0.0387


ans =

   -0.0365    0.0415


----------------------------------------------------------------------

mag = 0.5

ans =

    1.1970    2.1593


ans =

    1.1732    2.1526


ans =

    1.2134    2.1671


ans =

    1.1961    2.1407


ans =

    1.1908    2.1382


ans =

    1.2023    2.1431

----------------------------------------------------------------------



mag = 1

s1
ans =

    3.0605    3.1008


ans =

    3.0555    3.0910


ans =

    3.0633    3.1078

s2
ans =

    3.0456    3.0730


ans =

    3.0310    3.0475


ans =

    3.0533    3.0921


----------------------------------------------------------------------

mag = 3


s1
ans =

    3.5617    3.5355


ans =

    3.5533    3.5316


ans =

    3.5778    3.5405

s2
ans =

    3.5394    3.5244


ans =

    3.5297    3.5060


ans =

    3.5554    3.5341



----------------------------------------------------------------------

mag = 10


s1
ans =

    3.5592    3.6580


ans =

    3.5465    3.6338


ans =

    3.5724    3.6861

s2
ans =

    3.5527    3.6345


ans =

    3.5299    3.6095


ans =

    3.5664    3.6625
